[0.578125,
0.546875,
0.453125,
0.40625,
0.734375,
0.609375,
0.640625,
0.734375,
0.8125,
0.6875,
0.84375,
0.828125,
0.84375,
0.890625,
0.875,
0.8125,
0.953125,
0.90625,
0.953125,
0.875,
0.484375,
0.9375,
0.84375,
0.9375,
0.953125,
0.8125,
0.84375,
0.90625,
0.875,
0.90625,
0.953125,
0.921875,
0.625,
0.90625,
0.953125,
0.921875,
0.875,
0.9375,
0.9375,
0.921875,
0.890625,
0.8125,
0.9375,
0.921875,
0.875,
0.890625,
0.9375,
0.953125,
0.796875,
0.796875,
0.859375,
0.875,
0.875,
0.828125,
0.90625,
0.921875,
0.875,
0.90625,
0.875,
0.9375,
0.875,
0.796875,
0.90625,
0.84375,
0.875,
0.875,
0.921875,
0.890625,
0.9375,
0.71875,
0.890625,
0.890625,
0.921875,
0.953125,
0.84375,
0.875,
0.875,
0.71875,
0.90625,
0.921875,
0.8125,
0.90625,
0.921875,
0.90625,
0.84375,
0.921875,
0.890625,
0.921875,
0.71875,
0.953125,
0.796875,
0.90625,
0.90625,
0.875,
0.796875,
0.921875,
0.921875,
0.84375,
0.84375,
0.875]
