[ 0.7083309888839722,
 0.6922929584980011,
 0.6970643699169159,
 0.7465198040008545,
 0.6087715923786163,
 0.660285621881485,
 0.6018106937408447,
 0.6096896529197693,
 0.5014869570732117,
 0.6110847592353821,
 0.3647451400756836,
 0.4354257732629776,
 0.3897940069437027,
 0.32883320748806,
 0.3373178094625473,
 0.3937688171863556,
 0.13413912057876587,
 0.2682008296251297,
 0.20775305479764938,
 0.23983518034219742,
 0.8742655813694,
 0.12464512139558792,
 0.3544779419898987,
 0.21299263089895248,
 0.19588185101747513,
 0.3739432245492935,
 0.3553937077522278,
 0.2608153969049454,
 0.32652634382247925,
 0.23501309752464294,
 0.15215156227350235,
 0.18396081030368805,
 2.9828847703756765,
 0.25318413972854614,
 0.22410540282726288,
 0.21402540802955627,
 0.291975662112236,
 0.18291025608778,
 0.22416793555021286,
 0.2017064020037651,
 0.29086992144584656,
 0.40576568245887756,
 0.18531861156225204,
 0.2991996109485626,
 0.29324397444725037,
 0.27002934366464615,
 0.20680715888738632,
 0.14923277497291565,
 0.48528042435646057,
 0.456379272043705,
 0.3168857842683792,
 0.32325781136751175,
 0.31932632625102997,
 0.38947901129722595,
 0.23169627785682678,
 0.20419524610042572,
 0.3025863915681839,
 0.22959765791893005,
 0.31592799723148346,
 0.17477136105298996,
 0.3107820749282837,
 0.5353108644485474,
 0.23677833378314972,
 0.381603866815567,
 0.3015325367450714,
 0.32051846385002136,
 0.258461631834507,
 0.3206950053572655,
 0.19301459938287735,
 0.5695211738348007,
 0.2845027446746826,
 0.23958640545606613,
 0.20711687207221985,
 0.1700839400291443,
 0.39856383204460144,
 0.33007127046585083,
 0.34792760014533997,
 0.5593429058790207,
 0.3041737228631973,
 0.2642963230609894,
 0.3494476079940796,
 0.29401209205389023,
 0.21109038591384888,
 0.29852236807346344,
 0.4039607048034668,
 0.25866463780403137,
 0.3213067278265953,
 0.24476628005504608,
 0.497071236371994,
 0.1662149578332901,
 0.5552508682012558,
 0.28313133120536804,
 0.30971166491508484,
 0.3528493493795395,
 0.4190780073404312,
 0.22330574691295624,
 0.30225716531276703,
 0.37633711099624634,
 0.33792227506637573,
 0.3692626506090164]