[ 0.8448076248168945,
 0.7440882921218872,
 0.7141457796096802,
 1.007502794265747,
 0.9874453544616699,
 1.1323738098144531,
 1.1832249164581299,
 0.982315719127655,
 1.043921947479248,
 1.4119670391082764,
 1.9389030933380127,
 1.6657752990722656,
 1.7877099514007568,
 1.9293104410171509,
 2.0349323749542236,
 3.3924636840820312,
 2.862048387527466,
 1.990447998046875,
 3.1187314987182617,
 2.3231656551361084,
 2.51047945022583,
 3.8911571502685547,
 1.7978770732879639,
 2.1033616065979004,
 1.9044357538223267,
 2.6312005519866943,
 2.2453062534332275,
 2.2188546657562256,
 2.8244128227233887,
 2.1474995613098145,
 2.4889307022094727,
 2.3019700050354004,
 7.863261699676514,
 2.8186147212982178,
 2.260043144226074,
 2.2786927223205566,
 2.2139482498168945,
 2.814821243286133,
 2.4096622467041016,
 3.240082025527954,
 2.646115779876709,
 2.4130258560180664,
 2.319035768508911,
 2.2449357509613037,
 2.289940357208252,
 2.4811806678771973,
 2.8802499771118164,
 3.136225700378418,
 1.6493408679962158,
 1.7097909450531006,
 2.220733404159546,
 1.748328447341919,
 1.9895832538604736,
 1.9141216278076172,
 2.0409014225006104,
 2.4867985248565674,
 2.3289928436279297,
 2.412332534790039,
 2.1713147163391113,
 2.200430154800415,
 2.117866039276123,
 2.475412607192993,
 2.3056325912475586,
 2.3297858238220215,
 2.2964553833007812,
 2.6713361740112305,
 2.6548423767089844,
 2.235440731048584,
 2.45125412940979,
 2.3255462646484375,
 2.667670249938965,
 2.305851459503174,
 2.0945444107055664,
 2.3348124027252197,
 1.7391998767852783,
 2.0276997089385986,
 2.254795789718628,
 1.6972169876098633,
 2.081923723220825,
 1.9031988382339478,
 2.2092485427856445,
 2.0672922134399414,
 2.316577672958374,
 2.5305395126342773,
 2.532102108001709,
 2.0922043323516846,
 2.500593900680542,
 2.3990297317504883,
 2.9150390625,
 2.6382896900177,
 2.2068443298339844,
 2.128401756286621,
 2.4864516258239746,
 2.1512629985809326,
 1.8505451679229736,
 2.139462471008301,
 2.0558667182922363,
 2.2434473037719727,
 2.2351667881011963,
 2.047898292541504]